$HEADER
GENCAD 1.4
USER "kicad (6.0.9)"
DRAWING "D:/christy/KiCAD/CT/CT.kicad_pcb"
REVISION " "
UNITS INCH
ORIGIN 0 0
INTERTRACK 0
$ENDHEADER

$BOARD
LINE 1.90945 -2.79528 4.33071 -6.14173
$ENDBOARD

$PADS
PAD P1 ROUND 0.03
CIRCLE 0 0 0.03
PAD P2 ROUND 0.0314961
CIRCLE 0 0 0.0314961
PAD P3 ROUND 0.05
CIRCLE 0 0 0.07
PAD P4 ROUND 0.0511811
CIRCLE 0 0 0.0511811
PAD P5 ROUND 0.06
CIRCLE 0 0 0.075
PAD P6 RECTANGULAR 0.0314961
RECTANGLE -0.0314961 -0.0314961 0.0629921 0.0629921
PAD P7 RECTANGULAR 0.0314961
RECTANGLE -0.0472441 -0.0314961 0.0944882 0.0629921
PAD P8 RECTANGULAR 0.0393701
RECTANGLE -0.0334646 -0.0334646 0.0669291 0.0669291
PAD P9 RECTANGULAR 0.0433071
RECTANGLE -0.0375 -0.0393701 0.075 0.0787402
PAD P10 RECTANGULAR 0.0433071
RECTANGLE -0.0433071 -0.0433071 0.0866142 0.0866142
PAD P11 RECTANGULAR 0.0511811
RECTANGLE -0.0511811 -0.0511811 0.102362 0.102362
PAD P12 POLYGON 0.0314961
ARC -0.0314961 0 0 -0.0314961 0 0
ARC 0 -0.0314961 0.0314961 0 0 0
ARC 0.0314961 0 0 0.0314961 0 0
ARC 0 0.0314961 -0.0314961 0 0 0
PAD P13 POLYGON 0.0314961
ARC -0.0472441 0 -0.015748 -0.0314961 -0.015748 0
LINE -0.015748 -0.0314961 0.015748 -0.0314961
ARC 0.015748 -0.0314961 0.0472441 0 0.015748 0
ARC 0.0472441 0 0.015748 0.0314961 0.015748 0
LINE -0.015748 0.0314961 0.015748 0.0314961
ARC -0.015748 0.0314961 -0.0472441 0 -0.015748 0
PAD P14 POLYGON 0.0433071
ARC -0.0375 -0.00187008 0 -0.0393701 0 -0.00187008
ARC 0 -0.0393701 0.0375 -0.00187008 0 -0.00187008
LINE 0.0375 0.00187008 0.0375 -0.00187008
ARC 0.0375 0.00187008 0 0.0393701 0 0.00187008
ARC 0 0.0393701 -0.0375 0.00187008 0 0.00187008
LINE -0.0375 -0.00187008 -0.0375 0.00187008
PAD P15 POLYGON 0.0433071
ARC -0.0433071 0 0 -0.0433071 0 0
ARC 0 -0.0433071 0.0433071 0 0 0
ARC 0.0433071 0 0 0.0433071 0 0
ARC 0 0.0433071 -0.0433071 0 0 0
PAD P16 POLYGON 0
ARC -0.023622 -0.0177165 -0.0137795 -0.0275591 -0.0137795 -0.0177165
LINE -0.0137795 -0.0275591 0.0137795 -0.0275591
ARC 0.0137795 -0.0275591 0.023622 -0.0177165 0.0137795 -0.0177165
LINE 0.023622 0.0177165 0.023622 -0.0177165
ARC 0.023622 0.0177165 0.0137795 0.0275591 0.0137795 0.0177165
LINE -0.0137795 0.0275591 0.0137795 0.0275591
ARC -0.0137795 0.0275591 -0.023622 0.0177165 -0.0137795 0.0177165
LINE -0.023622 -0.0177165 -0.023622 0.0177165

$ENDPADS

$PADSTACKS
PADSTACK PAD1 0.03
PAD P1 BOTTOM 0 0
PAD P1 TOP 0 0
PADSTACK PAD1F 0.03
PAD P1 TOP 0 0
PAD P1 BOTTOM 0 0
PAD P1 SOLDERMASK_BOTTOM 0 0
PAD P1 SOLDERMASK_TOP 0 0
PADSTACK PAD2 0.0314961
PAD P2 BOTTOM 0 0
PAD P2 TOP 0 0
PADSTACK PAD2F 0.0314961
PAD P2 TOP 0 0
PAD P2 BOTTOM 0 0
PAD P2 SOLDERMASK_BOTTOM 0 0
PAD P2 SOLDERMASK_TOP 0 0
PADSTACK PAD3 0.05
PAD P3 BOTTOM 0 0
PAD P3 TOP 0 0
PADSTACK PAD3F 0.05
PAD P3 TOP 0 0
PAD P3 BOTTOM 0 0
PAD P3 SOLDERMASK_BOTTOM 0 0
PAD P3 SOLDERMASK_TOP 0 0
PADSTACK PAD4 0.0511811
PAD P4 BOTTOM 0 0
PAD P4 TOP 0 0
PADSTACK PAD4F 0.0511811
PAD P4 TOP 0 0
PAD P4 BOTTOM 0 0
PAD P4 SOLDERMASK_BOTTOM 0 0
PAD P4 SOLDERMASK_TOP 0 0
PADSTACK PAD5 0.06
PAD P5 BOTTOM 0 0
PAD P5 TOP 0 0
PADSTACK PAD5F 0.06
PAD P5 TOP 0 0
PAD P5 BOTTOM 0 0
PAD P5 SOLDERMASK_BOTTOM 0 0
PAD P5 SOLDERMASK_TOP 0 0
PADSTACK PAD6 0.0314961
PAD P6 BOTTOM 0 0
PAD P6 TOP 0 0
PADSTACK PAD6F 0.0314961
PAD P6 TOP 0 0
PAD P6 BOTTOM 0 0
PAD P6 SOLDERMASK_BOTTOM 0 0
PAD P6 SOLDERMASK_TOP 0 0
PADSTACK PAD7 0.0314961
PAD P7 BOTTOM 0 0
PAD P7 TOP 0 0
PADSTACK PAD7F 0.0314961
PAD P7 TOP 0 0
PAD P7 BOTTOM 0 0
PAD P7 SOLDERMASK_BOTTOM 0 0
PAD P7 SOLDERMASK_TOP 0 0
PADSTACK PAD8 0.0393701
PAD P8 BOTTOM 0 0
PAD P8 TOP 0 0
PADSTACK PAD8F 0.0393701
PAD P8 TOP 0 0
PAD P8 BOTTOM 0 0
PAD P8 SOLDERMASK_BOTTOM 0 0
PAD P8 SOLDERMASK_TOP 0 0
PADSTACK PAD9 0.0433071
PAD P9 BOTTOM 0 0
PAD P9 TOP 0 0
PADSTACK PAD9F 0.0433071
PAD P9 TOP 0 0
PAD P9 BOTTOM 0 0
PAD P9 SOLDERMASK_BOTTOM 0 0
PAD P9 SOLDERMASK_TOP 0 0
PADSTACK PAD10 0.0433071
PAD P10 BOTTOM 0 0
PAD P10 TOP 0 0
PADSTACK PAD10F 0.0433071
PAD P10 TOP 0 0
PAD P10 BOTTOM 0 0
PAD P10 SOLDERMASK_BOTTOM 0 0
PAD P10 SOLDERMASK_TOP 0 0
PADSTACK PAD11 0.0511811
PAD P11 BOTTOM 0 0
PAD P11 TOP 0 0
PADSTACK PAD11F 0.0511811
PAD P11 TOP 0 0
PAD P11 BOTTOM 0 0
PAD P11 SOLDERMASK_BOTTOM 0 0
PAD P11 SOLDERMASK_TOP 0 0
PADSTACK PAD12 0.0314961
PAD P12 BOTTOM 0 0
PAD P12 TOP 0 0
PADSTACK PAD12F 0.0314961
PAD P12 TOP 0 0
PAD P12 BOTTOM 0 0
PAD P12 SOLDERMASK_BOTTOM 0 0
PAD P12 SOLDERMASK_TOP 0 0
PADSTACK PAD13 0.0314961
PAD P13 BOTTOM 0 0
PAD P13 TOP 0 0
PADSTACK PAD13F 0.0314961
PAD P13 TOP 0 0
PAD P13 BOTTOM 0 0
PAD P13 SOLDERMASK_BOTTOM 0 0
PAD P13 SOLDERMASK_TOP 0 0
PADSTACK PAD14 0.0433071
PAD P14 BOTTOM 0 0
PAD P14 TOP 0 0
PADSTACK PAD14F 0.0433071
PAD P14 TOP 0 0
PAD P14 BOTTOM 0 0
PAD P14 SOLDERMASK_BOTTOM 0 0
PAD P14 SOLDERMASK_TOP 0 0
PADSTACK PAD15 0.0433071
PAD P15 BOTTOM 0 0
PAD P15 TOP 0 0
PADSTACK PAD15F 0.0433071
PAD P15 TOP 0 0
PAD P15 BOTTOM 0 0
PAD P15 SOLDERMASK_BOTTOM 0 0
PAD P15 SOLDERMASK_TOP 0 0
PADSTACK PAD16 0
PAD P16 TOP 0 0
PADSTACK PAD16F 0
PAD P16 TOP 0 0
PAD P16 SOLDERPASTE_TOP 0 0
PAD P16 SOLDERMASK_TOP 0 0
$ENDPADSTACKS

$ARTWORKS
$ENDARTWORKS

$SHAPES

SHAPE "R1"
INSERT TH
LINE 0.0212598 0.0409449 0.0212598 0.053937
LINE 0.0212598 -0.0409449 0.0212598 -0.053937
LINE 0.0212598 0.053937 0.27874 0.053937
LINE 0.27874 -0.053937 0.27874 -0.0409449
LINE 0.0212598 -0.053937 0.27874 -0.053937
LINE 0.27874 0.053937 0.27874 0.0409449
PIN "1" PAD2 0 0 TOP 0 0
PIN "2" PAD12 0.3 0 TOP 0 0

SHAPE "U8"
INSERT TH
LINE 0.327362 -0.352362 0.327362 0.0523622
LINE 0.327362 0.0523622 0.23937 0.0523622
LINE 0.0726378 0.0523622 0.0726378 -0.352362
LINE 0.16063 0.0523622 0.0726378 0.0523622
LINE 0.0726378 -0.352362 0.327362 -0.352362
ARC 0.16063 0.0523622 0.23937 0.0523622 0.2 0.0523622
PIN "1" PAD6 0 0 TOP 0 0
PIN "2" PAD12 0 -0.1 TOP 0 0
PIN "3" PAD12 0 -0.2 TOP 0 0
PIN "4" PAD12 0 -0.3 TOP 0 0
PIN "5" PAD12 0.4 -0.3 TOP 0 0
PIN "6" PAD12 0.4 -0.2 TOP 0 0
PIN "7" PAD12 0.4 -0.1 TOP 0 0
PIN "8" PAD12 0.4 0 TOP 0 0

SHAPE "J6"
INSERT TH
ARC 0.0674277 0.187543 -0.0688976 0.187008 -3.93701e-08 3.93701e-08
ARC -0.0674277 -0.187543 0.0688976 -0.187008 0 0
ARC 0.187543 -0.0674277 0.187008 0.0688976 0 0
ARC -0.187543 0.0674277 -0.187008 -0.0688976 -3.93701e-08 -3.93701e-08
PIN "1" PAD3 0 0 TOP 0 0
PIN "2" PAD5 -0.125 0.125 TOP 0 0
PIN "2_0" PAD5 0.125 -0.125 TOP 0 0
PIN "2_1" PAD5 -0.125 -0.125 TOP 0 0
PIN "2_2" PAD5 0.125 0.125 TOP 0 0

SHAPE "R8"
INSERT TH
LINE 0.27874 -0.053937 0.27874 -0.0409449
LINE 0.27874 0.053937 0.27874 0.0409449
LINE 0.0212598 -0.053937 0.27874 -0.053937
LINE 0.0212598 -0.0409449 0.0212598 -0.053937
LINE 0.0212598 0.053937 0.27874 0.053937
LINE 0.0212598 0.0409449 0.0212598 0.053937
PIN "1" PAD2 0 0 TOP 0 0
PIN "2" PAD12 0.3 0 TOP 0 0

SHAPE "TP8"
INSERT TH
LINE 0.0523622 -0.05 0.0523622 -0.0523622
LINE -0.0523622 0.0523622 0 0.0523622
LINE -0.0523622 0 -0.0523622 0.0523622
LINE -0.0523622 -0.05 -0.0523622 -0.0523622
LINE -0.0523622 -0.0523622 0.0523622 -0.0523622
LINE -0.0523622 -0.05 0.0523622 -0.05
PIN "1" PAD8 0 0 TOP 0 0

SHAPE "R9"
INSERT TH
LINE 0.0212598 -0.0409449 0.0212598 -0.053937
LINE 0.0212598 0.053937 0.27874 0.053937
LINE 0.0212598 0.0409449 0.0212598 0.053937
LINE 0.27874 -0.053937 0.27874 -0.0409449
LINE 0.0212598 -0.053937 0.27874 -0.053937
LINE 0.27874 0.053937 0.27874 0.0409449
PIN "1" PAD2 0 0 TOP 0 0
PIN "2" PAD12 0.3 0 TOP 0 0

SHAPE "U5"
INSERT TH
LINE 0.16063 0.0523622 0.0726378 0.0523622
LINE 0.327362 0.0523622 0.23937 0.0523622
LINE 0.0726378 -0.352362 0.327362 -0.352362
LINE 0.0726378 0.0523622 0.0726378 -0.352362
LINE 0.327362 -0.352362 0.327362 0.0523622
ARC 0.16063 0.0523622 0.23937 0.0523622 0.2 0.0523622
PIN "1" PAD7 0 0 TOP 0 0
PIN "2" PAD13 0 -0.1 TOP 0 0
PIN "3" PAD13 0 -0.2 TOP 0 0
PIN "4" PAD13 0 -0.3 TOP 0 0
PIN "5" PAD13 0.4 -0.3 TOP 0 0
PIN "6" PAD13 0.4 -0.2 TOP 0 0
PIN "7" PAD13 0.4 -0.1 TOP 0 0
PIN "8" PAD13 0.4 0 TOP 0 0

SHAPE "J3"
INSERT TH
ARC -0.0674277 -0.187543 0.0688976 -0.187008 0 0
ARC -0.187543 0.0674277 -0.187008 -0.0688976 -3.93701e-08 -3.93701e-08
ARC 0.0674277 0.187543 -0.0688976 0.187008 -3.93701e-08 3.93701e-08
ARC 0.187543 -0.0674277 0.187008 0.0688976 0 0
PIN "1" PAD3 0 0 TOP 0 0
PIN "2" PAD5 0.125 0.125 TOP 0 0
PIN "2_0" PAD5 -0.125 -0.125 TOP 0 0
PIN "2_1" PAD5 0.125 -0.125 TOP 0 0
PIN "2_2" PAD5 -0.125 0.125 TOP 0 0

SHAPE "R6"
INSERT TH
LINE 0.27874 -0.053937 0.27874 -0.0409449
LINE 0.27874 0.053937 0.27874 0.0409449
LINE 0.0212598 -0.0409449 0.0212598 -0.053937
LINE 0.0212598 0.0409449 0.0212598 0.053937
LINE 0.0212598 -0.053937 0.27874 -0.053937
LINE 0.0212598 0.053937 0.27874 0.053937
PIN "1" PAD2 0 0 TOP 0 0
PIN "2" PAD12 0.3 0 TOP 0 0

SHAPE "D1"
INSERT TH
LINE 0.0527559 0 0.0929134 0
LINE 0.307087 -0.057874 0.307087 0.057874
LINE 0.307087 0.057874 0.0929134 0.057874
LINE 0.123622 0.057874 0.123622 -0.057874
LINE 0.347244 0 0.307087 0
LINE 0.133071 0.057874 0.133071 -0.057874
LINE 0.128346 0.057874 0.128346 -0.057874
LINE 0.0929134 0.057874 0.0929134 -0.057874
LINE 0.0929134 -0.057874 0.307087 -0.057874
PIN "1" PAD10 0 0 TOP 0 0
PIN "2" PAD15 0.4 0 TOP 0 0

SHAPE "U9"
INSERT TH
LINE -0.2 0 0.4 0
PIN "1" PAD1 -0.2 0 TOP 0 0
PIN "1_0" PAD1 0.4 0 TOP 0 0

SHAPE "J2"
INSERT TH
LINE -0.111811 -0.16378 -0.111811 -0.192913
LINE -0.102362 -0.183465 0.502362 -0.183465
LINE 0.250197 0.0420866 0.248346 0.0402756
LINE -0.102362 -0.161417 0.502362 -0.161417
LINE 0.242126 0.0501969 0.240748 0.0487795
LINE -0.102362 0.207126 -0.102362 -0.183465
LINE 0.351693 -0.0402756 0.349843 -0.0420866
LINE -0.111811 -0.192913 -0.092126 -0.192913
LINE 0.359291 -0.0487795 0.357913 -0.0501575
LINE -0.102362 0.207126 0.502362 0.207126
LINE -0.102362 -0.102362 0.502362 -0.102362
LINE 0.159291 -0.0487795 0.157913 -0.0501575
LINE 0.151693 -0.0402756 0.149843 -0.0420866
LINE 0.450197 0.0420866 0.448346 0.0402756
LINE 0.502362 0.207126 0.502362 -0.183465
LINE -0.102362 0.0905906 0.502362 0.0905906
LINE 0.442126 0.0501969 0.440748 0.0487795
ARC -0.0604331 0.0269291 -0.0604499 -0.0268914 -2.75591e-07 -3.93701e-08
ARC 0.0269291 0.0604331 -0.0268914 0.0604499 -3.93701e-08 2.75591e-07
ARC 0.0604331 -0.0269291 0.0604499 0.0268914 0 0
ARC 0 -0.0661417 0.0269023 -0.0604235 0 0
ARC -0.0269291 -0.0604331 0.00113406 -0.0661517 -3.93701e-08 3.93701e-08
CIRCLE 0.4 0 0.0661417
CIRCLE 0.2 0 0.0661417
PIN "1" PAD11 0 0 TOP 0 0
PIN "2" PAD4 0.2 0 TOP 0 0
PIN "3" PAD4 0.4 0 TOP 0 0

SHAPE "J1"
INSERT TH
ARC -0.0674277 -0.187543 0.0688976 -0.187008 0 0
ARC -0.187543 0.0674277 -0.187008 -0.0688976 -3.93701e-08 -3.93701e-08
ARC 0.0674277 0.187543 -0.0688976 0.187008 -3.93701e-08 3.93701e-08
ARC 0.187543 -0.0674277 0.187008 0.0688976 0 0
PIN "1" PAD3 0 0 TOP 0 0
PIN "2" PAD5 -0.125 -0.125 TOP 0 0
PIN "2_0" PAD5 -0.125 0.125 TOP 0 0
PIN "2_1" PAD5 0.125 0.125 TOP 0 0
PIN "2_2" PAD5 0.125 -0.125 TOP 0 0

SHAPE "C1"
INSERT TH
LINE 0.124055 0.150984 0.124055 0.0409449
LINE 0.149252 -0.0409449 0.149252 -0.13937
LINE 0.213819 0.071378 0.213819 -0.071378
LINE 0.163425 0.130276 0.163425 0.0409449
LINE 0.166575 -0.0409449 0.166575 -0.127953
LINE 0.142953 0.142795 0.142953 0.0409449
LINE 0.124055 -0.0409449 0.124055 -0.150984
LINE 0.172874 -0.0409449 0.172874 -0.122992
LINE 0.174449 -0.0409449 0.174449 -0.121654
LINE 0.16815 -0.0409449 0.16815 -0.126772
LINE 0.196496 0.098622 0.196496 -0.098622
LINE 0.0877953 0.159528 0.0877953 -0.159528
LINE 0.141378 0.143583 0.141378 0.0409449
LINE 0.127205 -0.0409449 0.127205 -0.149803
LINE 0.216969 0.0647638 0.216969 -0.0647638
LINE 0.100433 0.157559 0.100433 0.0409449
LINE 0.136654 -0.0409449 0.136654 -0.145827
LINE 0.117756 -0.0409449 0.117756 -0.15311
LINE 0.185472 0.11126 0.185472 -0.11126
LINE 0.111457 0.154961 0.111457 0.0409449
LINE 0.116181 -0.0409449 0.116181 -0.153622
LINE 0.158701 -0.0409449 0.158701 -0.133543
LINE 0.202795 0.0900394 0.202795 -0.0900394
LINE 0.0846457 0.159882 0.0846457 -0.159882
LINE 0.155551 -0.0409449 0.155551 -0.135591
LINE 0.114606 -0.0409449 0.114606 -0.154094
LINE 0.169724 0.125551 0.169724 0.0409449
LINE 0.212244 0.0744094 0.212244 -0.0744094
LINE 0.138228 -0.0409449 0.138228 -0.145118
LINE -0.0889645 0.10689 -0.0889645 0.0753937
LINE 0.105157 -0.0409449 0.105157 -0.156535
LINE 0.0751969 0.160512 0.0751969 -0.160512
LINE -0.104713 0.0911417 -0.0732165 0.0911417
LINE 0.146102 -0.0409449 0.146102 -0.141102
LINE 0.147677 0.140236 0.147677 0.0409449
LINE 0.0940945 0.158661 0.0940945 -0.158661
LINE 0.0720472 0.16063 0.0720472 -0.16063
LINE 0.0830709 0.160039 0.0830709 -0.160039
LINE 0.138228 0.145118 0.138228 0.0409449
LINE 0.103583 -0.0409449 0.103583 -0.15689
LINE 0.221693 0.0529921 0.221693 -0.0529921
LINE 0.191772 0.10437 0.191772 -0.10437
LINE 0.0972835 -0.0409449 0.0972835 -0.15815
LINE 0.108307 -0.0409449 0.108307 -0.155787
LINE 0.16185 0.131417 0.16185 0.0409449
LINE 0.136654 0.145827 0.136654 0.0409449
LINE 0.188622 0.107913 0.188622 -0.107913
LINE 0.100433 -0.0409449 0.100433 -0.157559
LINE 0.0972835 0.15815 0.0972835 0.0409449
LINE 0.209094 0.0800787 0.209094 -0.0800787
LINE 0.165 -0.0409449 0.165 -0.129134
LINE 0.0893701 0.15937 0.0893701 -0.15937
LINE 0.073622 0.160591 0.073622 -0.160591
LINE 0.12878 -0.0409449 0.12878 -0.149213
LINE 0.139803 -0.0409449 0.139803 -0.144331
LINE 0.12248 -0.0409449 0.12248 -0.151575
LINE 0.158701 0.133543 0.158701 0.0409449
LINE 0.102008 -0.0409449 0.102008 -0.157244
LINE 0.111457 -0.0409449 0.111457 -0.154961
LINE 0.108307 0.155787 0.108307 0.0409449
LINE 0.179173 0.117441 0.179173 -0.117441
LINE 0.0704724 0.16063 0.0704724 -0.16063
LINE 0.183898 0.112874 0.183898 -0.112874
LINE 0.152402 0.13752 0.152402 0.0409449
LINE 0.0799213 0.160276 0.0799213 -0.160276
LINE 0.102008 0.157244 0.102008 0.0409449
LINE 0.119331 0.152638 0.119331 0.0409449
LINE 0.0783465 0.160394 0.0783465 -0.160394
LINE 0.166575 0.127953 0.166575 0.0409449
LINE 0.16185 -0.0409449 0.16185 -0.131417
LINE 0.205945 0.0852756 0.205945 -0.0852756
LINE 0.12248 0.151575 0.12248 0.0409449
LINE 0.182323 0.114449 0.182323 -0.114449
LINE 0.227992 0.0302362 0.227992 -0.0302362
LINE 0.160276 0.13248 0.160276 0.0409449
LINE 0.20437 0.0877165 0.20437 -0.0877165
LINE 0.198071 0.0966142 0.198071 -0.0966142
LINE 0.120906 -0.0409449 0.120906 -0.152087
LINE 0.133504 0.147244 0.133504 0.0409449
LINE 0.172874 0.122992 0.172874 0.0409449
LINE 0.199646 0.0944882 0.199646 -0.0944882
LINE 0.152402 -0.0409449 0.152402 -0.13752
LINE 0.16815 0.126772 0.16815 0.0409449
LINE 0.193346 0.10252 0.193346 -0.10252
LINE 0.171299 -0.0409449 0.171299 -0.124252
LINE 0.130354 0.148583 0.130354 0.0409449
LINE 0.224843 0.0432283 0.224843 -0.0432283
LINE 0.127205 0.149803 0.127205 0.0409449
LINE 0.117756 0.15311 0.117756 0.0409449
LINE 0.157126 -0.0409449 0.157126 -0.134567
LINE 0.0909449 0.159134 0.0909449 -0.159134
LINE 0.106732 -0.0409449 0.106732 -0.156181
LINE 0.177598 -0.0409449 0.177598 -0.118858
LINE 0.20122 0.0923228 0.20122 -0.0923228
LINE 0.106732 0.156181 0.106732 0.0409449
LINE 0.12563 0.150433 0.12563 0.0409449
LINE 0.157126 0.134567 0.157126 0.0409449
LINE 0.210669 0.0773228 0.210669 -0.0773228
LINE 0.150827 0.138465 0.150827 0.0409449
LINE 0.114606 0.154094 0.114606 0.0409449
LINE 0.176024 0.120276 0.176024 0.0409449
LINE 0.220118 0.0572047 0.220118 -0.0572047
LINE 0.141378 -0.0409449 0.141378 -0.143583
LINE 0.12878 0.149213 0.12878 0.0409449
LINE 0.120906 0.152087 0.120906 0.0409449
LINE 0.142953 -0.0409449 0.142953 -0.142795
LINE 0.139803 0.144331 0.139803 0.0409449
LINE 0.174449 0.121654 0.174449 0.0409449
LINE 0.113031 0.154528 0.113031 0.0409449
LINE 0.0988583 -0.0409449 0.0988583 -0.157874
LINE 0.0925197 0.158937 0.0925197 -0.158937
LINE 0.144528 -0.0409449 0.144528 -0.141969
LINE 0.150827 -0.0409449 0.150827 -0.138465
LINE 0.160276 -0.0409449 0.160276 -0.13248
LINE 0.180748 0.115945 0.180748 -0.115945
LINE 0.226417 0.0373228 0.226417 -0.0373228
LINE 0.169724 -0.0409449 0.169724 -0.125551
LINE 0.135079 0.146535 0.135079 0.0409449
LINE 0.0688976 0.16063 0.0688976 -0.16063
LINE 0.131929 -0.0409449 0.131929 -0.147913
LINE 0.133504 -0.0409449 0.133504 -0.147244
LINE 0.165 0.129134 0.165 0.0409449
LINE 0.187047 0.109606 0.187047 -0.109606
LINE 0.0814961 0.160157 0.0814961 -0.160157
LINE 0.105157 0.156535 0.105157 0.0409449
LINE 0.190197 0.106181 0.190197 -0.106181
LINE 0.177598 0.118858 0.177598 0.0409449
LINE 0.153976 -0.0409449 0.153976 -0.136575
LINE 0.12563 -0.0409449 0.12563 -0.150433
LINE 0.215394 0.0681496 0.215394 -0.0681496
LINE 0.0862205 0.159724 0.0862205 -0.159724
LINE 0.135079 -0.0409449 0.135079 -0.146535
LINE 0.113031 -0.0409449 0.113031 -0.154528
LINE 0.149252 0.13937 0.149252 0.0409449
LINE 0.20752 0.0827559 0.20752 -0.0827559
LINE 0.229567 0.0209843 0.229567 -0.0209843
LINE 0.144528 0.141969 0.144528 0.0409449
LINE 0.0767717 0.160472 0.0767717 -0.160472
LINE 0.109882 -0.0409449 0.109882 -0.155394
LINE 0.218543 0.0611024 0.218543 -0.0611024
LINE 0.194921 0.10063 0.194921 -0.10063
LINE 0.119331 -0.0409449 0.119331 -0.152638
LINE 0.0988583 0.157874 0.0988583 0.0409449
LINE 0.223268 0.0483858 0.223268 -0.0483858
LINE 0.0956693 0.158425 0.0956693 -0.158425
LINE 0.155551 0.135591 0.155551 0.0409449
LINE 0.171299 0.124252 0.171299 0.0409449
LINE 0.163425 -0.0409449 0.163425 -0.130276
LINE 0.146102 0.141102 0.146102 0.0409449
LINE 0.176024 -0.0409449 0.176024 -0.120276
LINE 0.147677 -0.0409449 0.147677 -0.140236
LINE 0.109882 0.155394 0.109882 0.0409449
LINE 0.131929 0.147913 0.131929 0.0409449
LINE 0.103583 0.15689 0.103583 0.0409449
LINE 0.116181 0.153622 0.116181 0.0409449
LINE 0.130354 -0.0409449 0.130354 -0.148583
LINE 0.153976 0.136575 0.153976 0.0409449
CIRCLE 0.0688976 0 0.162205
PIN "1" PAD6 0 0 TOP 0 0
PIN "2" PAD2 0.137795 0 TOP 0 0

SHAPE "R7"
INSERT TH
LINE 0.0212598 0.053937 0.27874 0.053937
LINE 0.27874 0.053937 0.27874 0.0409449
LINE 0.0212598 -0.053937 0.27874 -0.053937
LINE 0.0212598 -0.0409449 0.0212598 -0.053937
LINE 0.0212598 0.0409449 0.0212598 0.053937
LINE 0.27874 -0.053937 0.27874 -0.0409449
PIN "1" PAD2 0 0 TOP 0 0
PIN "2" PAD12 0.3 0 TOP 0 0

SHAPE "R11"
INSERT SMD
LINE -0.00893953 -0.028937 0.00893953 -0.028937
LINE -0.00893953 0.028937 0.00893953 0.028937
PIN "1" PAD16 -0.0393701 0 TOP 0 0
PIN "2" PAD16 0.0393701 0 TOP 0 0

SHAPE "C4"
INSERT TH
LINE 0.111457 0.154961 0.111457 0.0409449
LINE 0.0956693 0.158425 0.0956693 -0.158425
LINE 0.0830709 0.160039 0.0830709 -0.160039
LINE 0.172874 0.122992 0.172874 0.0409449
LINE 0.0909449 0.159134 0.0909449 -0.159134
LINE 0.183898 0.112874 0.183898 -0.112874
LINE 0.119331 -0.0409449 0.119331 -0.152638
LINE 0.177598 0.118858 0.177598 0.0409449
LINE 0.165 -0.0409449 0.165 -0.129134
LINE 0.127205 -0.0409449 0.127205 -0.149803
LINE 0.0893701 0.15937 0.0893701 -0.15937
LINE 0.130354 -0.0409449 0.130354 -0.148583
LINE 0.106732 -0.0409449 0.106732 -0.156181
LINE 0.0846457 0.159882 0.0846457 -0.159882
LINE 0.160276 -0.0409449 0.160276 -0.13248
LINE 0.194921 0.10063 0.194921 -0.10063
LINE 0.20752 0.0827559 0.20752 -0.0827559
LINE 0.138228 -0.0409449 0.138228 -0.145118
LINE 0.216969 0.0647638 0.216969 -0.0647638
LINE 0.163425 -0.0409449 0.163425 -0.130276
LINE 0.141378 0.143583 0.141378 0.0409449
LINE 0.150827 -0.0409449 0.150827 -0.138465
LINE 0.108307 0.155787 0.108307 0.0409449
LINE 0.176024 -0.0409449 0.176024 -0.120276
LINE 0.0688976 0.16063 0.0688976 -0.16063
LINE 0.0972835 -0.0409449 0.0972835 -0.15815
LINE 0.113031 -0.0409449 0.113031 -0.154528
LINE 0.0877953 0.159528 0.0877953 -0.159528
LINE 0.102008 0.157244 0.102008 0.0409449
LINE 0.199646 0.0944882 0.199646 -0.0944882
LINE 0.0988583 0.157874 0.0988583 0.0409449
LINE 0.146102 0.141102 0.146102 0.0409449
LINE 0.185472 0.11126 0.185472 -0.11126
LINE 0.124055 -0.0409449 0.124055 -0.150984
LINE 0.131929 0.147913 0.131929 0.0409449
LINE 0.106732 0.156181 0.106732 0.0409449
LINE 0.172874 -0.0409449 0.172874 -0.122992
LINE 0.191772 0.10437 0.191772 -0.10437
LINE 0.155551 0.135591 0.155551 0.0409449
LINE 0.12878 -0.0409449 0.12878 -0.149213
LINE 0.117756 -0.0409449 0.117756 -0.15311
LINE 0.160276 0.13248 0.160276 0.0409449
LINE 0.166575 0.127953 0.166575 0.0409449
LINE 0.227992 0.0302362 0.227992 -0.0302362
LINE 0.0862205 0.159724 0.0862205 -0.159724
LINE 0.141378 -0.0409449 0.141378 -0.143583
LINE 0.0940945 0.158661 0.0940945 -0.158661
LINE 0.196496 0.098622 0.196496 -0.098622
LINE 0.139803 -0.0409449 0.139803 -0.144331
LINE 0.174449 0.121654 0.174449 0.0409449
LINE 0.073622 0.160591 0.073622 -0.160591
LINE 0.109882 0.155394 0.109882 0.0409449
LINE 0.0751969 0.160512 0.0751969 -0.160512
LINE 0.171299 -0.0409449 0.171299 -0.124252
LINE 0.135079 0.146535 0.135079 0.0409449
LINE 0.136654 0.145827 0.136654 0.0409449
LINE 0.116181 0.153622 0.116181 0.0409449
LINE 0.182323 0.114449 0.182323 -0.114449
LINE 0.0720472 0.16063 0.0720472 -0.16063
LINE 0.16185 0.131417 0.16185 0.0409449
LINE 0.120906 -0.0409449 0.120906 -0.152087
LINE 0.139803 0.144331 0.139803 0.0409449
LINE 0.111457 -0.0409449 0.111457 -0.154961
LINE 0.12878 0.149213 0.12878 0.0409449
LINE 0.117756 0.15311 0.117756 0.0409449
LINE 0.165 0.129134 0.165 0.0409449
LINE 0.176024 0.120276 0.176024 0.0409449
LINE 0.0988583 -0.0409449 0.0988583 -0.157874
LINE 0.12248 -0.0409449 0.12248 -0.151575
LINE 0.133504 -0.0409449 0.133504 -0.147244
LINE 0.198071 0.0966142 0.198071 -0.0966142
LINE 0.193346 0.10252 0.193346 -0.10252
LINE 0.102008 -0.0409449 0.102008 -0.157244
LINE 0.166575 -0.0409449 0.166575 -0.127953
LINE 0.221693 0.0529921 0.221693 -0.0529921
LINE 0.157126 -0.0409449 0.157126 -0.134567
LINE 0.124055 0.150984 0.124055 0.0409449
LINE 0.142953 0.142795 0.142953 0.0409449
LINE -0.104713 0.0911417 -0.0732165 0.0911417
LINE 0.105157 -0.0409449 0.105157 -0.156535
LINE 0.179173 0.117441 0.179173 -0.117441
LINE 0.114606 -0.0409449 0.114606 -0.154094
LINE 0.144528 0.141969 0.144528 0.0409449
LINE 0.16815 0.126772 0.16815 0.0409449
LINE 0.153976 -0.0409449 0.153976 -0.136575
LINE 0.152402 -0.0409449 0.152402 -0.13752
LINE 0.205945 0.0852756 0.205945 -0.0852756
LINE 0.114606 0.154094 0.114606 0.0409449
LINE 0.226417 0.0373228 0.226417 -0.0373228
LINE 0.100433 0.157559 0.100433 0.0409449
LINE 0.0767717 0.160472 0.0767717 -0.160472
LINE 0.108307 -0.0409449 0.108307 -0.155787
LINE 0.177598 -0.0409449 0.177598 -0.118858
LINE 0.229567 0.0209843 0.229567 -0.0209843
LINE 0.157126 0.134567 0.157126 0.0409449
LINE 0.20122 0.0923228 0.20122 -0.0923228
LINE 0.224843 0.0432283 0.224843 -0.0432283
LINE 0.0799213 0.160276 0.0799213 -0.160276
LINE 0.0925197 0.158937 0.0925197 -0.158937
LINE 0.109882 -0.0409449 0.109882 -0.155394
LINE 0.103583 -0.0409449 0.103583 -0.15689
LINE 0.142953 -0.0409449 0.142953 -0.142795
LINE 0.12563 -0.0409449 0.12563 -0.150433
LINE 0.130354 0.148583 0.130354 0.0409449
LINE 0.153976 0.136575 0.153976 0.0409449
LINE 0.152402 0.13752 0.152402 0.0409449
LINE 0.155551 -0.0409449 0.155551 -0.135591
LINE 0.119331 0.152638 0.119331 0.0409449
LINE 0.147677 -0.0409449 0.147677 -0.140236
LINE 0.202795 0.0900394 0.202795 -0.0900394
LINE 0.150827 0.138465 0.150827 0.0409449
LINE 0.158701 0.133543 0.158701 0.0409449
LINE 0.180748 0.115945 0.180748 -0.115945
LINE 0.158701 -0.0409449 0.158701 -0.133543
LINE 0.210669 0.0773228 0.210669 -0.0773228
LINE 0.133504 0.147244 0.133504 0.0409449
LINE 0.0704724 0.16063 0.0704724 -0.16063
LINE 0.103583 0.15689 0.103583 0.0409449
LINE 0.220118 0.0572047 0.220118 -0.0572047
LINE 0.138228 0.145118 0.138228 0.0409449
LINE -0.0889645 0.10689 -0.0889645 0.0753937
LINE 0.20437 0.0877165 0.20437 -0.0877165
LINE 0.12248 0.151575 0.12248 0.0409449
LINE 0.188622 0.107913 0.188622 -0.107913
LINE 0.190197 0.106181 0.190197 -0.106181
LINE 0.215394 0.0681496 0.215394 -0.0681496
LINE 0.149252 -0.0409449 0.149252 -0.13937
LINE 0.209094 0.0800787 0.209094 -0.0800787
LINE 0.0783465 0.160394 0.0783465 -0.160394
LINE 0.131929 -0.0409449 0.131929 -0.147913
LINE 0.136654 -0.0409449 0.136654 -0.145827
LINE 0.0814961 0.160157 0.0814961 -0.160157
LINE 0.187047 0.109606 0.187047 -0.109606
LINE 0.120906 0.152087 0.120906 0.0409449
LINE 0.100433 -0.0409449 0.100433 -0.157559
LINE 0.16185 -0.0409449 0.16185 -0.131417
LINE 0.127205 0.149803 0.127205 0.0409449
LINE 0.174449 -0.0409449 0.174449 -0.121654
LINE 0.169724 -0.0409449 0.169724 -0.125551
LINE 0.144528 -0.0409449 0.144528 -0.141969
LINE 0.113031 0.154528 0.113031 0.0409449
LINE 0.146102 -0.0409449 0.146102 -0.141102
LINE 0.223268 0.0483858 0.223268 -0.0483858
LINE 0.105157 0.156535 0.105157 0.0409449
LINE 0.163425 0.130276 0.163425 0.0409449
LINE 0.212244 0.0744094 0.212244 -0.0744094
LINE 0.149252 0.13937 0.149252 0.0409449
LINE 0.12563 0.150433 0.12563 0.0409449
LINE 0.0972835 0.15815 0.0972835 0.0409449
LINE 0.213819 0.071378 0.213819 -0.071378
LINE 0.171299 0.124252 0.171299 0.0409449
LINE 0.169724 0.125551 0.169724 0.0409449
LINE 0.218543 0.0611024 0.218543 -0.0611024
LINE 0.116181 -0.0409449 0.116181 -0.153622
LINE 0.135079 -0.0409449 0.135079 -0.146535
LINE 0.147677 0.140236 0.147677 0.0409449
LINE 0.16815 -0.0409449 0.16815 -0.126772
CIRCLE 0.0688976 0 0.162205
PIN "1" PAD6 0 0 TOP 0 0
PIN "2" PAD2 0.137795 0 TOP 0 0

SHAPE "TP5"
INSERT TH
LINE 0.0523622 -0.05 0.0523622 -0.0523622
LINE -0.0523622 0.0523622 0 0.0523622
LINE -0.0523622 -0.0523622 0.0523622 -0.0523622
LINE -0.0523622 -0.05 0.0523622 -0.05
LINE -0.0523622 0 -0.0523622 0.0523622
LINE -0.0523622 -0.05 -0.0523622 -0.0523622
PIN "1" PAD8 0 0 TOP 0 0

SHAPE "TP2"
INSERT TH
LINE -0.0523622 0.0523622 0 0.0523622
LINE 0.0523622 -0.05 0.0523622 -0.0523622
LINE -0.0523622 -0.05 0.0523622 -0.05
LINE -0.0523622 -0.0523622 0.0523622 -0.0523622
LINE -0.0523622 -0.05 -0.0523622 -0.0523622
LINE -0.0523622 0 -0.0523622 0.0523622
PIN "1" PAD8 0 0 TOP 0 0

SHAPE "C2"
INSERT TH
LINE 0.109882 0.155394 0.109882 0.0409449
LINE 0.116181 -0.0409449 0.116181 -0.153622
LINE 0.0972835 0.15815 0.0972835 0.0409449
LINE 0.103583 0.15689 0.103583 0.0409449
LINE 0.199646 0.0944882 0.199646 -0.0944882
LINE 0.0988583 -0.0409449 0.0988583 -0.157874
LINE 0.152402 -0.0409449 0.152402 -0.13752
LINE 0.153976 0.136575 0.153976 0.0409449
LINE 0.205945 0.0852756 0.205945 -0.0852756
LINE 0.12248 -0.0409449 0.12248 -0.151575
LINE 0.16815 -0.0409449 0.16815 -0.126772
LINE 0.169724 -0.0409449 0.169724 -0.125551
LINE 0.0814961 0.160157 0.0814961 -0.160157
LINE 0.0862205 0.159724 0.0862205 -0.159724
LINE 0.169724 0.125551 0.169724 0.0409449
LINE 0.0799213 0.160276 0.0799213 -0.160276
LINE 0.224843 0.0432283 0.224843 -0.0432283
LINE 0.12563 0.150433 0.12563 0.0409449
LINE 0.113031 -0.0409449 0.113031 -0.154528
LINE 0.172874 -0.0409449 0.172874 -0.122992
LINE 0.171299 -0.0409449 0.171299 -0.124252
LINE 0.0940945 0.158661 0.0940945 -0.158661
LINE 0.0846457 0.159882 0.0846457 -0.159882
LINE 0.176024 0.120276 0.176024 0.0409449
LINE 0.117756 0.15311 0.117756 0.0409449
LINE 0.146102 -0.0409449 0.146102 -0.141102
LINE 0.136654 0.145827 0.136654 0.0409449
LINE 0.150827 0.138465 0.150827 0.0409449
LINE 0.130354 0.148583 0.130354 0.0409449
LINE 0.193346 0.10252 0.193346 -0.10252
LINE 0.180748 0.115945 0.180748 -0.115945
LINE 0.150827 -0.0409449 0.150827 -0.138465
LINE 0.142953 -0.0409449 0.142953 -0.142795
LINE 0.182323 0.114449 0.182323 -0.114449
LINE 0.0783465 0.160394 0.0783465 -0.160394
LINE 0.16815 0.126772 0.16815 0.0409449
LINE 0.179173 0.117441 0.179173 -0.117441
LINE 0.124055 -0.0409449 0.124055 -0.150984
LINE 0.149252 -0.0409449 0.149252 -0.13937
LINE 0.191772 0.10437 0.191772 -0.10437
LINE 0.0688976 0.16063 0.0688976 -0.16063
LINE 0.105157 -0.0409449 0.105157 -0.156535
LINE 0.124055 0.150984 0.124055 0.0409449
LINE 0.142953 0.142795 0.142953 0.0409449
LINE 0.108307 0.155787 0.108307 0.0409449
LINE 0.114606 0.154094 0.114606 0.0409449
LINE 0.0830709 0.160039 0.0830709 -0.160039
LINE 0.141378 0.143583 0.141378 0.0409449
LINE 0.131929 -0.0409449 0.131929 -0.147913
LINE 0.12878 -0.0409449 0.12878 -0.149213
LINE 0.102008 -0.0409449 0.102008 -0.157244
LINE 0.158701 0.133543 0.158701 0.0409449
LINE 0.0909449 0.159134 0.0909449 -0.159134
LINE 0.216969 0.0647638 0.216969 -0.0647638
LINE 0.209094 0.0800787 0.209094 -0.0800787
LINE 0.163425 -0.0409449 0.163425 -0.130276
LINE 0.0720472 0.16063 0.0720472 -0.16063
LINE 0.166575 0.127953 0.166575 0.0409449
LINE 0.12248 0.151575 0.12248 0.0409449
LINE 0.111457 0.154961 0.111457 0.0409449
LINE 0.133504 -0.0409449 0.133504 -0.147244
LINE 0.149252 0.13937 0.149252 0.0409449
LINE 0.138228 0.145118 0.138228 0.0409449
LINE 0.160276 -0.0409449 0.160276 -0.13248
LINE 0.153976 -0.0409449 0.153976 -0.136575
LINE 0.106732 -0.0409449 0.106732 -0.156181
LINE 0.102008 0.157244 0.102008 0.0409449
LINE 0.127205 0.149803 0.127205 0.0409449
LINE 0.073622 0.160591 0.073622 -0.160591
LINE 0.194921 0.10063 0.194921 -0.10063
LINE 0.171299 0.124252 0.171299 0.0409449
LINE 0.141378 -0.0409449 0.141378 -0.143583
LINE 0.185472 0.11126 0.185472 -0.11126
LINE 0.138228 -0.0409449 0.138228 -0.145118
LINE 0.108307 -0.0409449 0.108307 -0.155787
LINE 0.100433 -0.0409449 0.100433 -0.157559
LINE 0.220118 0.0572047 0.220118 -0.0572047
LINE 0.0956693 0.158425 0.0956693 -0.158425
LINE 0.210669 0.0773228 0.210669 -0.0773228
LINE 0.174449 -0.0409449 0.174449 -0.121654
LINE 0.120906 0.152087 0.120906 0.0409449
LINE 0.20437 0.0877165 0.20437 -0.0877165
LINE 0.111457 -0.0409449 0.111457 -0.154961
LINE 0.0893701 0.15937 0.0893701 -0.15937
LINE 0.0751969 0.160512 0.0751969 -0.160512
LINE -0.0889645 0.10689 -0.0889645 0.0753937
LINE 0.163425 0.130276 0.163425 0.0409449
LINE 0.120906 -0.0409449 0.120906 -0.152087
LINE 0.215394 0.0681496 0.215394 -0.0681496
LINE 0.183898 0.112874 0.183898 -0.112874
LINE 0.144528 0.141969 0.144528 0.0409449
LINE 0.165 -0.0409449 0.165 -0.129134
LINE 0.157126 0.134567 0.157126 0.0409449
LINE 0.172874 0.122992 0.172874 0.0409449
LINE 0.12878 0.149213 0.12878 0.0409449
LINE 0.100433 0.157559 0.100433 0.0409449
LINE 0.139803 -0.0409449 0.139803 -0.144331
LINE 0.0877953 0.159528 0.0877953 -0.159528
LINE 0.147677 -0.0409449 0.147677 -0.140236
LINE 0.196496 0.098622 0.196496 -0.098622
LINE 0.16185 0.131417 0.16185 0.0409449
LINE 0.165 0.129134 0.165 0.0409449
LINE 0.144528 -0.0409449 0.144528 -0.141969
LINE 0.0988583 0.157874 0.0988583 0.0409449
LINE 0.223268 0.0483858 0.223268 -0.0483858
LINE 0.117756 -0.0409449 0.117756 -0.15311
LINE 0.177598 0.118858 0.177598 0.0409449
LINE 0.152402 0.13752 0.152402 0.0409449
LINE 0.133504 0.147244 0.133504 0.0409449
LINE 0.139803 0.144331 0.139803 0.0409449
LINE 0.103583 -0.0409449 0.103583 -0.15689
LINE 0.187047 0.109606 0.187047 -0.109606
LINE 0.218543 0.0611024 0.218543 -0.0611024
LINE 0.213819 0.071378 0.213819 -0.071378
LINE 0.188622 0.107913 0.188622 -0.107913
LINE 0.229567 0.0209843 0.229567 -0.0209843
LINE 0.20122 0.0923228 0.20122 -0.0923228
LINE 0.12563 -0.0409449 0.12563 -0.150433
LINE 0.227992 0.0302362 0.227992 -0.0302362
LINE 0.109882 -0.0409449 0.109882 -0.155394
LINE 0.106732 0.156181 0.106732 0.0409449
LINE 0.119331 0.152638 0.119331 0.0409449
LINE 0.136654 -0.0409449 0.136654 -0.145827
LINE 0.0767717 0.160472 0.0767717 -0.160472
LINE 0.119331 -0.0409449 0.119331 -0.152638
LINE 0.127205 -0.0409449 0.127205 -0.149803
LINE -0.104713 0.0911417 -0.0732165 0.0911417
LINE 0.16185 -0.0409449 0.16185 -0.131417
LINE 0.198071 0.0966142 0.198071 -0.0966142
LINE 0.146102 0.141102 0.146102 0.0409449
LINE 0.226417 0.0373228 0.226417 -0.0373228
LINE 0.130354 -0.0409449 0.130354 -0.148583
LINE 0.160276 0.13248 0.160276 0.0409449
LINE 0.131929 0.147913 0.131929 0.0409449
LINE 0.0925197 0.158937 0.0925197 -0.158937
LINE 0.155551 -0.0409449 0.155551 -0.135591
LINE 0.135079 0.146535 0.135079 0.0409449
LINE 0.135079 -0.0409449 0.135079 -0.146535
LINE 0.221693 0.0529921 0.221693 -0.0529921
LINE 0.105157 0.156535 0.105157 0.0409449
LINE 0.20752 0.0827559 0.20752 -0.0827559
LINE 0.157126 -0.0409449 0.157126 -0.134567
LINE 0.155551 0.135591 0.155551 0.0409449
LINE 0.158701 -0.0409449 0.158701 -0.133543
LINE 0.177598 -0.0409449 0.177598 -0.118858
LINE 0.0972835 -0.0409449 0.0972835 -0.15815
LINE 0.116181 0.153622 0.116181 0.0409449
LINE 0.176024 -0.0409449 0.176024 -0.120276
LINE 0.202795 0.0900394 0.202795 -0.0900394
LINE 0.0704724 0.16063 0.0704724 -0.16063
LINE 0.166575 -0.0409449 0.166575 -0.127953
LINE 0.190197 0.106181 0.190197 -0.106181
LINE 0.147677 0.140236 0.147677 0.0409449
LINE 0.114606 -0.0409449 0.114606 -0.154094
LINE 0.113031 0.154528 0.113031 0.0409449
LINE 0.174449 0.121654 0.174449 0.0409449
LINE 0.212244 0.0744094 0.212244 -0.0744094
CIRCLE 0.0688976 0 0.162205
PIN "1" PAD6 0 0 TOP 0 0
PIN "2" PAD2 0.137795 0 TOP 0 0

SHAPE "J5"
INSERT TH
LINE -0.102362 0.207126 -0.102362 -0.183465
LINE 0.159291 -0.0487795 0.157913 -0.0501575
LINE -0.102362 0.207126 0.502362 0.207126
LINE 0.250197 0.0420866 0.248346 0.0402756
LINE 0.442126 0.0501969 0.440748 0.0487795
LINE -0.111811 -0.192913 -0.092126 -0.192913
LINE -0.102362 -0.102362 0.502362 -0.102362
LINE 0.450197 0.0420866 0.448346 0.0402756
LINE 0.351693 -0.0402756 0.349843 -0.0420866
LINE 0.151693 -0.0402756 0.149843 -0.0420866
LINE -0.102362 0.0905906 0.502362 0.0905906
LINE 0.242126 0.0501969 0.240748 0.0487795
LINE 0.502362 0.207126 0.502362 -0.183465
LINE 0.359291 -0.0487795 0.357913 -0.0501575
LINE -0.102362 -0.183465 0.502362 -0.183465
LINE -0.111811 -0.16378 -0.111811 -0.192913
LINE -0.102362 -0.161417 0.502362 -0.161417
ARC -0.0269291 -0.0604331 0.00113406 -0.0661517 -3.93701e-08 3.93701e-08
ARC 0.0269291 0.0604331 -0.0268914 0.0604499 -3.93701e-08 2.75591e-07
ARC 0.0604331 -0.0269291 0.0604499 0.0268914 0 0
ARC -0.0604331 0.0269291 -0.0604499 -0.0268914 -2.75591e-07 -3.93701e-08
ARC 0 -0.0661417 0.0269023 -0.0604235 0 0
CIRCLE 0.4 0 0.0661417
CIRCLE 0.2 0 0.0661417
PIN "1" PAD11 0 0 TOP 0 0
PIN "2" PAD4 0.2 0 TOP 0 0
PIN "3" PAD4 0.4 0 TOP 0 0

SHAPE "D2"
INSERT TH
LINE 0.307087 -0.057874 0.307087 0.057874
LINE 0.307087 0.057874 0.0929134 0.057874
LINE 0.0527559 0 0.0929134 0
LINE 0.123622 0.057874 0.123622 -0.057874
LINE 0.133071 0.057874 0.133071 -0.057874
LINE 0.0929134 -0.057874 0.307087 -0.057874
LINE 0.128346 0.057874 0.128346 -0.057874
LINE 0.0929134 0.057874 0.0929134 -0.057874
LINE 0.347244 0 0.307087 0
PIN "1" PAD10 0 0 TOP 0 0
PIN "2" PAD15 0.4 0 TOP 0 0

SHAPE "R10"
INSERT SMD
LINE -0.00893953 -0.028937 0.00893953 -0.028937
LINE -0.00893953 0.028937 0.00893953 0.028937
PIN "1" PAD16 -0.0393701 0 TOP 0 0
PIN "2" PAD16 0.0393701 0 TOP 0 0

SHAPE "TP7"
INSERT TH
LINE -0.0523622 0.0523622 0 0.0523622
LINE -0.0523622 -0.05 -0.0523622 -0.0523622
LINE 0.0523622 -0.05 0.0523622 -0.0523622
LINE -0.0523622 0 -0.0523622 0.0523622
LINE -0.0523622 -0.05 0.0523622 -0.05
LINE -0.0523622 -0.0523622 0.0523622 -0.0523622
PIN "1" PAD8 0 0 TOP 0 0

SHAPE "U1"
INSERT TH
LINE 0.0456693 0.0523622 0.0456693 -0.352362
LINE 0.11063 0.0523622 0.0456693 0.0523622
LINE 0.0456693 -0.352362 0.254331 -0.352362
LINE 0.254331 -0.352362 0.254331 0.0523622
LINE 0.254331 0.0523622 0.18937 0.0523622
ARC 0.11063 0.0523622 0.18937 0.0523622 0.15 0.0523622
PIN "1" PAD6 0 0 TOP 0 0
PIN "2" PAD12 0 -0.1 TOP 0 0
PIN "3" PAD12 0 -0.2 TOP 0 0
PIN "4" PAD12 0 -0.3 TOP 0 0
PIN "5" PAD12 0.3 -0.3 TOP 0 0
PIN "6" PAD12 0.3 -0.2 TOP 0 0
PIN "7" PAD12 0.3 -0.1 TOP 0 0
PIN "8" PAD12 0.3 0 TOP 0 0

SHAPE "D3"
INSERT TH
LINE 0.307087 0.057874 0.0929134 0.057874
LINE 0.123622 0.057874 0.123622 -0.057874
LINE 0.307087 -0.057874 0.307087 0.057874
LINE 0.347244 0 0.307087 0
LINE 0.0929134 0.057874 0.0929134 -0.057874
LINE 0.0527559 0 0.0929134 0
LINE 0.133071 0.057874 0.133071 -0.057874
LINE 0.0929134 -0.057874 0.307087 -0.057874
LINE 0.128346 0.057874 0.128346 -0.057874
PIN "1" PAD10 0 0 TOP 0 0
PIN "2" PAD15 0.4 0 TOP 0 0

SHAPE "U2"
INSERT TH
LINE -0.101575 0.0692913 0.301575 0.0692913
LINE -0.101575 0.12874 -0.101575 -0.0539764
LINE 0.301575 0.12874 0.301575 -0.0539764
LINE -0.101575 0.12874 0.301575 0.12874
LINE 0.0271654 0.12874 0.0271654 0.0692913
LINE 0.172874 0.12874 0.172874 0.0692913
LINE -0.101575 -0.0539764 0.301575 -0.0539764
PIN "1" PAD9 0 0 TOP 0 0
PIN "2" PAD14 0.1 0 TOP 0 0
PIN "3" PAD14 0.2 0 TOP 0 0

SHAPE "R2"
INSERT TH
LINE 0.0212598 -0.053937 0.27874 -0.053937
LINE 0.27874 -0.053937 0.27874 -0.0409449
LINE 0.0212598 -0.0409449 0.0212598 -0.053937
LINE 0.0212598 0.0409449 0.0212598 0.053937
LINE 0.0212598 0.053937 0.27874 0.053937
LINE 0.27874 0.053937 0.27874 0.0409449
PIN "1" PAD2 0 0 TOP 0 0
PIN "2" PAD12 0.3 0 TOP 0 0

SHAPE "R3"
INSERT TH
LINE 0.0212598 0.053937 0.27874 0.053937
LINE 0.0212598 -0.0409449 0.0212598 -0.053937
LINE 0.27874 -0.053937 0.27874 -0.0409449
LINE 0.0212598 -0.053937 0.27874 -0.053937
LINE 0.0212598 0.0409449 0.0212598 0.053937
LINE 0.27874 0.053937 0.27874 0.0409449
PIN "1" PAD2 0 0 TOP 0 0
PIN "2" PAD12 0.3 0 TOP 0 0

SHAPE "R5"
INSERT TH
LINE 0.0212598 -0.053937 0.27874 -0.053937
LINE 0.0212598 0.053937 0.27874 0.053937
LINE 0.27874 0.053937 0.27874 0.0409449
LINE 0.0212598 -0.0409449 0.0212598 -0.053937
LINE 0.27874 -0.053937 0.27874 -0.0409449
LINE 0.0212598 0.0409449 0.0212598 0.053937
PIN "1" PAD2 0 0 TOP 0 0
PIN "2" PAD12 0.3 0 TOP 0 0

SHAPE "TP3"
INSERT TH
LINE -0.0523622 0.0523622 0 0.0523622
LINE -0.0523622 -0.05 -0.0523622 -0.0523622
LINE -0.0523622 0 -0.0523622 0.0523622
LINE 0.0523622 -0.05 0.0523622 -0.0523622
LINE -0.0523622 -0.05 0.0523622 -0.05
LINE -0.0523622 -0.0523622 0.0523622 -0.0523622
PIN "1" PAD8 0 0 TOP 0 0

SHAPE "C3"
INSERT TH
LINE 0.0893701 0.15937 0.0893701 -0.15937
LINE 0.12878 0.149213 0.12878 0.0409449
LINE 0.0767717 0.160472 0.0767717 -0.160472
LINE 0.111457 0.154961 0.111457 0.0409449
LINE 0.105157 0.156535 0.105157 0.0409449
LINE 0.12563 0.150433 0.12563 0.0409449
LINE 0.0972835 -0.0409449 0.0972835 -0.15815
LINE 0.114606 0.154094 0.114606 0.0409449
LINE 0.12248 0.151575 0.12248 0.0409449
LINE 0.116181 -0.0409449 0.116181 -0.153622
LINE 0.20752 0.0827559 0.20752 -0.0827559
LINE 0.166575 -0.0409449 0.166575 -0.127953
LINE 0.103583 0.15689 0.103583 0.0409449
LINE 0.199646 0.0944882 0.199646 -0.0944882
LINE 0.136654 -0.0409449 0.136654 -0.145827
LINE 0.146102 0.141102 0.146102 0.0409449
LINE 0.147677 0.140236 0.147677 0.0409449
LINE 0.210669 0.0773228 0.210669 -0.0773228
LINE 0.172874 -0.0409449 0.172874 -0.122992
LINE 0.183898 0.112874 0.183898 -0.112874
LINE 0.144528 -0.0409449 0.144528 -0.141969
LINE 0.124055 -0.0409449 0.124055 -0.150984
LINE 0.136654 0.145827 0.136654 0.0409449
LINE 0.165 0.129134 0.165 0.0409449
LINE 0.224843 0.0432283 0.224843 -0.0432283
LINE 0.100433 -0.0409449 0.100433 -0.157559
LINE 0.160276 0.13248 0.160276 0.0409449
LINE 0.124055 0.150984 0.124055 0.0409449
LINE 0.171299 0.124252 0.171299 0.0409449
LINE 0.215394 0.0681496 0.215394 -0.0681496
LINE 0.220118 0.0572047 0.220118 -0.0572047
LINE 0.135079 0.146535 0.135079 0.0409449
LINE 0.152402 -0.0409449 0.152402 -0.13752
LINE 0.20122 0.0923228 0.20122 -0.0923228
LINE 0.109882 -0.0409449 0.109882 -0.155394
LINE 0.223268 0.0483858 0.223268 -0.0483858
LINE 0.176024 -0.0409449 0.176024 -0.120276
LINE 0.16815 -0.0409449 0.16815 -0.126772
LINE 0.205945 0.0852756 0.205945 -0.0852756
LINE 0.142953 0.142795 0.142953 0.0409449
LINE 0.226417 0.0373228 0.226417 -0.0373228
LINE 0.0988583 0.157874 0.0988583 0.0409449
